# easy
...26.7.168..7..9.19...45..82.1...4...46.29...5...3.28..93...74.4..5..367.3.18...
006800020020090040003201000009000000058010290000000500000905300090040010070003400
130005900080309006000100020070000600003000400006000050010003000900208070002700094
051900000004050001000107030037000600000402000008000710090805000600040900000009570
420000100000800600000020490000900020091703560080005000049050000002008000006000073
300076000000800326000090470000000537000000000254000000095020000816003000000560008
000300956490206000000010000006003010100000002040800700000080000000507024678002000
400200070000007050000084096005000004091000320200000500130760000080900000070005001
007000001059300000000005080000008612040000030238700000090800000000009140700000300
021000040800000057500040100040060200000208000002030090003050006760000003010000520
060025000001000020800100900709000060300807002050000109003002007080000400000560090
008020500500040030920000006000900700600405008004002000300000051040090002007010300
030000080000600005800010470180900040000080000040002056078020003400006000090000010
000006301085090000200000070704300000090070010000005807040000002000060530803400000
200000050030000000009075240000008120008090500024700000097380400000000080050000007
040302980000070002000009403090000006006000800300000050803100000900080000012403070
700000200001920000060500007020060001106000702300040050600008010000035900004000005
006400090210000084000600070700090200000704000009030001090005000180000025040008900
000350007500000090020009800700000420005408100092000003004500010060000008200073000
000009000070048060206000030002007008007000500100900600030000901040670080000800000
082006000000001000904000150017090000200805009000030640078000905000300000000500470
000001000710205000045009003030024000600000009000910050800100670000607028000400000
100400500050100008900000020080091000009040300000320060040000005300004010006007009
400000003000154020960007000009000004570000062300000900000700058050983000600000001
029003000007600000500029000001005709600000008402300100000430001000002500000100370
049200000060005300038060900090007000400000008000400060003020670007300080000008120
508003002030100400020000003000605000019000240000901000400000080007009020200300701
000000000000089370470200050536000004800000003900000718090005031081790000000000000
007000020050400009020050600005000090600947001090000300009080030200003080010000500
000603080000000902010005006003008100045000870006100400800300090709000000060709000
910000000040500000020008400007084005100050002400910800009600050000003080000000039
000030004001206750000007023008000002030000090900000400260400000043502600500010000
030056000000008001580000090400000086019000350370000004060000045200400000000160070
050071000000000709400000035030089002000203000700540010510000007302000000000190040
000000207004300001080014000050020093000708000190060020000640070900005100205000000
006008000000000650000104080028000507070010040104000230010806000039000000000200900
080002049307850000000100000000040082005000400620010000000006000000097203730500090
050000170100002000600304000007090040900207005030040700000903007000100008062000010
500780000200000803004009000006100070010020090090007300000900100902000006000036004
006200300005010020000030076000000415008000200541000000210040000060070500003006800
000000100600300008003060540560907000090000020000208095039070200700005001004000000
000002317000760049000000050408000020000208000050000401030000000510079000794300000
006000010000002405340078000500020000079000120000080007000490061907800000060000900
790000008000000300003001620002750900000204000005018700086100500007000000200000067
000862500002700040700000000020009800400020007009300020000000009070005600005248000
002600500600000001000012038070030006030000090500090070390450000100000004004006800
008400020002005000003001905410800006000000000700006018204600500000500200090004600
010000970000003020600000054501080003000060000300010702290000007030500000076000040
300006090200003004040080310030000000006104900000000020017030060400900001090600007
000000850610040000300067020070300004006000500100008070030920008000080049091000000
504207000280140600000000000035060002000000000900030870000000000001075093000302704
635009000087040000000680005852000000000000000000000723900062000000030240000500619
009008402704000500000010000605040000090060010000080904000050000006000703502300600
800700600900400020500020001030900800100000005006001090400030006010004009005002007
030005800000020000059004670010000000200571009000000080045900730000040000006700090
000000510300004900000907006070006030840000062090300080900201000006700001012000000
200000087000000060000160045970006400000704000003200096650043000090000000710000004
002060000319208000060000000790100000004506100000009063000000010000903526000040800
000001407005000000068000250001620000009070100000034500082000730000000900107400000
084027000001006000620000014370800000000000000000003029160000092000200300000710450
000004010490001000000380900100090008002108500900040007006035000000400053070800000
000000003700010200000006409491500800000408000002009345208300000007050006100000000
007860020000009005900020004030006017000000000610900050300050002100400000020091800
000027060300000090005089000006000809050090030209000100000430600010000003080650000
000600100000001034000000058900050710002090500034070002850000000260700000001003000

# medium
000000080000500236060410000500000803040060070301000009000048090734005000080000000
030002500102000630070008000006803000001000800000905100000600070017000902009200050
001020760000003820006100030000400070400000003090006000070005100049200000013070900
800000095001207000004008000010060002003109700600070010000900800000602500180000003
006002903480670000000500000000090602070000090102050000000001000000038024804700300
031200000090001000000006310007904800900000004006503700048700000000600080000005290
034800170000040000050700800000000600200379008009000000001003060000020000083004750
000941080490007030200006000300000050900000004010000009000300007070200013020478000
001002005057060200030000000010500008000148000800003070000000090006050840200900100
000002070900010030400000108300026000060504090000830005709000004080060003010700000
041500000800000670000090020508000000690030012000000709050060000086000007000002940
000003078200000304000070050039020005000509000400010980020060000107000009590300000
870060300005009000300000002700001603000030000509400007600000001000900700002040038
089070000050006072000000600070002003100508004500400020007000000290700080000010240
005001004100000005074900000000390080080010090050062000000009230400000007600200100
008000000090005000240003906000290100020000040007016000502100037000600080000000500
060704000000008010000950008059000701200000009103000650300087000080600000000103020
040020070009000080030001254076000000000615000000000860327800010080000600060050040
000800600000000007000700912301009040270060098090400703956001000700000000003007000
